+035.379917,-096.907845,00325,L
+035.181180,-097.439810,00567,$
+035.379917,-096.907845,00325,L
+035.181200,-097.440000,00581,$
+035.181300,-097.440090,00603,$
+035.181330,-097.440160,00609,$
+035.181480,-097.440280,00621,$
+035.181560,-097.440300,00627,$
+035.181760,-097.440360,00660,$
+035.181840,-097.440350,00666,$
+035.182210,-097.440150,00712,$
+035.182300,-097.440140,00718,$
+035.182390,-097.440160,00723,$
+035.182460,-097.440200,00728,$
+035.182510,-097.440240,00734,$
+035.182550,-097.440240,00739,$
+035.182600,-097.440210,00746,$
+035.182680,-097.440180,00752,$
+035.182780,-097.440170,00757,$
+035.182870,-097.440210,00763,$
+035.182940,-097.440250,00770,$
+035.183000,-097.440270,00776,$
+035.183080,-097.440250,00782,$
+035.183180,-097.440250,00786,$
+035.183280,-097.440250,00791,$
+035.183360,-097.440280,00797,$
+035.183420,-097.440310,00803,$
+035.183460,-097.440310,00808,$
+035.183510,-097.440280,00813,$
+035.183570,-097.440230,00819,$
+035.183660,-097.440200,00825,$
+035.183750,-097.440200,00830,$
+035.183840,-097.440230,00835,$
+035.183910,-097.440260,00841,$
+035.183960,-097.440270,00847,$
+035.184010,-097.440230,00852,$
+035.184090,-097.440180,00858,$
+035.184190,-097.440130,00863,$
+035.184300,-097.440120,00868,$
+035.184390,-097.440130,00874,$
+035.184460,-097.440140,00879,$
+035.184520,-097.440120,00885,$
+035.184580,-097.440060,00892,$
+035.184660,-097.439990,00899,$
+035.184750,-097.439960,00905,$
+035.184810,-097.439940,00911,$
+035.379917,-096.907845,00325,L
+035.184810,-097.439940,00911,$
+035.184910,-097.439890,00922,$
+035.184980,-097.439830,00928,$
+035.185070,-097.439790,00934,$
+035.185170,-097.439780,00941,$
+035.185250,-097.439770,00946,$
+035.185310,-097.439720,00952,$
+035.185360,-097.439630,00957,$
+035.185440,-097.439530,00962,$
+035.185540,-097.439450,00968,$
+035.185650,-097.439410,00973,$
+035.185750,-097.439390,00978,$
+035.185820,-097.439380,00984,$
+035.185870,-097.439350,00990,$
+035.185920,-097.439290,00995,$
+035.185990,-097.439190,01000,$
+035.186090,-097.439100,01005,$
+035.186210,-097.439040,01010,$
+035.186310,-097.439010,01015,$
+035.186390,-097.439000,01020,$
+035.186450,-097.438970,01027,$
+035.186500,-097.438900,01033,$
+035.186580,-097.438800,01038,$
+035.186690,-097.438690,01043,$
+035.186810,-097.438610,01048,$
+035.186920,-097.438550,01053,$
+035.187030,-097.438520,01059,$
+035.187110,-097.438490,01065,$
+035.187180,-097.438430,01070,$
+035.187250,-097.438340,01075,$
+035.187340,-097.438220,01081,$
+035.187440,-097.438110,01086,$
+035.187570,-097.438020,01091,$
+035.187690,-097.437930,01095,$
+035.187820,-097.437840,01100,$
+035.187920,-097.437730,01106,$
+035.188010,-097.437610,01111,$
+035.188070,-097.437530,01117,$
+035.188140,-097.437470,01123,$
+035.188220,-097.437430,01130,$
+035.188340,-097.437370,01137,$
+035.188460,-097.437270,01144,$
+035.188570,-097.437180,01150,$
+035.188670,-097.437130,01155,$
+035.188750,-097.437100,01162,$
+035.188820,-097.437060,01169,$
+035.188900,-097.436980,01175,$
+035.188980,-097.436870,01181,$
+035.189070,-097.436740,01186,$
+035.189180,-097.436650,01193,$
+035.189300,-097.436590,01199,$
+035.189440,-097.436550,01205,$
+035.189560,-097.436480,01213,$
+035.189670,-097.436390,01222,$
+035.189750,-097.436290,01229,$
+035.189830,-097.436230,01234,$
+035.189930,-097.436200,01240,$
+035.190030,-097.436170,01246,$
+035.190120,-097.436120,01254,$
+035.190220,-097.436020,01260,$
+035.379917,-096.907845,00325,L
+035.190350,-097.435920,01265,$
+035.190480,-097.435840,01271,$
+035.190590,-097.435800,01276,$
+035.190680,-097.435760,01282,$
+035.190750,-097.435710,01287,$
+035.190810,-097.435640,01293,$
+035.190890,-097.435540,01298,$
+035.190990,-097.435420,01304,$
+035.191100,-097.435320,01310,$
+035.191240,-097.435240,01315,$
+035.191370,-097.435190,01321,$
+035.191470,-097.435150,01327,$
+035.191540,-097.435090,01332,$
+035.191620,-097.434990,01337,$
+035.191710,-097.434870,01343,$
+035.191830,-097.434760,01349,$
+035.191960,-097.434680,01355,$
+035.192070,-097.434620,01362,$
+035.192160,-097.434590,01368,$
+035.192260,-097.434520,01375,$
+035.192380,-097.434410,01382,$
+035.192500,-097.434290,01388,$
+035.192610,-097.434170,01394,$
+035.192700,-097.434090,01400,$
+035.192790,-097.434040,01406,$
+035.192900,-097.433980,01412,$
+035.193040,-097.433880,01418,$
+035.193170,-097.433730,01424,$
+035.193270,-097.433580,01429,$
+035.193360,-097.433420,01434,$
+035.193430,-097.433270,01441,$
+035.193500,-097.433140,01448,$
+035.193580,-097.433040,01454,$
+035.193700,-097.432950,01461,$
+035.193850,-097.432850,01467,$
+035.193990,-097.432720,01472,$
+035.194100,-097.432540,01477,$
+035.194190,-097.432370,01482,$
+035.194260,-097.432250,01487,$
+035.194340,-097.432160,01494,$
+035.194450,-097.432040,01500,$
+035.194580,-097.431880,01506,$
+035.194720,-097.431690,01513,$
+035.194840,-097.431510,01520,$
+035.194970,-097.431350,01528,$
+035.195090,-097.431190,01534,$
+035.195220,-097.431060,01540,$
+035.195340,-097.430960,01545,$
+035.195450,-097.430870,01550,$
+035.195530,-097.430760,01556,$
+035.195590,-097.430630,01562,$
+035.195670,-097.430450,01568,$
+035.195780,-097.430280,01574,$
+035.195910,-097.430130,01579,$
+035.196050,-097.430020,01583,$
+035.196180,-097.429920,01588,$
+035.196280,-097.429830,01593,$
+035.196360,-097.429730,01599,$
+035.196430,-097.429580,01604,$
+035.196520,-097.429410,01610,$
+035.196640,-097.429240,01616,$
+035.379917,-096.907845,00325,L
+035.196780,-097.429100,01622,$
+035.196910,-097.428990,01627,$
+035.197000,-097.428900,01632,$
+035.197070,-097.428790,01637,$
+035.197130,-097.428660,01643,$
+035.197230,-097.428500,01650,$
+035.197360,-097.428370,01657,$
+035.197500,-097.428230,01663,$
+035.197610,-097.428090,01669,$
+035.197690,-097.427940,01674,$
+035.197740,-097.427800,01681,$
+035.197810,-097.427680,01688,$
+035.197930,-097.427580,01694,$
+035.198060,-097.427510,01699,$
+035.198150,-097.427410,01704,$
+035.198220,-097.427280,01710,$
+035.198290,-097.427140,01715,$
+035.198360,-097.426980,01720,$
+035.198430,-097.426830,01724,$
+035.198490,-097.426700,01729,$
+035.198570,-097.426600,01735,$
+035.198660,-097.426520,01741,$
+035.198780,-097.426430,01748,$
+035.198910,-097.426300,01754,$
+035.199020,-097.426150,01760,$
+035.199100,-097.426020,01766,$
+035.199170,-097.425920,01773,$
+035.199260,-097.425830,01778,$
+035.199390,-097.425740,01784,$
+035.199520,-097.425600,01789,$
+035.199620,-097.425450,01794,$
+035.199680,-097.425310,01800,$
+035.199730,-097.425200,01805,$
+035.199790,-097.425130,01810,$
+035.199900,-097.425060,01815,$
+035.200030,-097.424960,01820,$
+035.200160,-097.424840,01825,$
+035.200250,-097.424680,01830,$
+035.200310,-097.424550,01836,$
+035.200360,-097.424450,01841,$
+035.200440,-097.424390,01846,$
+035.200540,-097.424320,01852,$
+035.200660,-097.424240,01857,$
+035.200780,-097.424100,01863,$
+035.200880,-097.423950,01869,$
+035.200950,-097.423820,01876,$
+035.201000,-097.423730,01881,$
+035.201080,-097.423680,01887,$
+035.201170,-097.423610,01892,$
+035.201290,-097.423520,01898,$
+035.201400,-097.423390,01903,$
+035.201490,-097.423230,01908,$
+035.201540,-097.423100,01914,$
+035.201580,-097.423010,01919,$
+035.201650,-097.422950,01925,$
+035.201740,-097.422900,01931,$
+035.201860,-097.422820,01937,$
+035.201970,-097.422690,01942,$
+035.202050,-097.422540,01947,$
+035.202100,-097.422400,01953,$
+035.202140,-097.422300,01960,$
+035.379917,-096.907845,00325,L
+035.202220,-097.422240,01967,$
+035.202320,-097.422170,01973,$
+035.202420,-097.422070,01978,$
+035.202480,-097.421930,01983,$
+035.202510,-097.421810,01988,$
+035.202550,-097.421720,01994,$
+035.202620,-097.421650,02000,$
+035.202720,-097.421560,02005,$
+035.202830,-097.421430,02010,$
+035.202900,-097.421300,02016,$
+035.202950,-097.421170,02021,$
+035.202990,-097.421100,02026,$
+035.203050,-097.421050,02031,$
+035.203140,-097.421000,02036,$
+035.203250,-097.420910,02041,$
+035.203340,-097.420780,02046,$
+035.203400,-097.420630,02052,$
+035.203440,-097.420520,02058,$
+035.203480,-097.420450,02064,$
+035.203550,-097.420380,02070,$
+035.203660,-097.420290,02075,$
+035.203770,-097.420170,02081,$
+035.203840,-097.420030,02088,$
+035.203880,-097.419900,02094,$
+035.203900,-097.419820,02100,$
+035.203950,-097.419750,02106,$
+035.204030,-097.419710,02112,$
+035.204140,-097.419620,02117,$
+035.204240,-097.419500,02124,$
+035.204290,-097.419360,02130,$
+035.204320,-097.419240,02136,$
+035.204360,-097.419170,02142,$
+035.204420,-097.419110,02147,$
+035.204500,-097.419040,02151,$
+035.204600,-097.418920,02155,$
+035.204670,-097.418770,02159,$
+035.204730,-097.418620,02163,$
+035.204760,-097.418490,02168,$
+035.204790,-097.418400,02173,$
+035.204840,-097.418330,02179,$
+035.204930,-097.418260,02185,$
+035.205020,-097.418150,02191,$
+035.205080,-097.418010,02197,$
+035.205110,-097.417880,02203,$
+035.205130,-097.417770,02208,$
+035.205150,-097.417700,02213,$
+035.205200,-097.417660,02217,$
+035.205270,-097.417600,02223,$
+035.205350,-097.417520,02229,$
+035.205430,-097.417390,02235,$
+035.205490,-097.417240,02240,$
+035.205520,-097.417080,02246,$
+035.205530,-097.416960,02251,$
+035.205550,-097.416890,02257,$
+035.205600,-097.416820,02262,$
+035.205670,-097.416710,02268,$
+035.205740,-097.416560,02273,$
+035.205780,-097.416400,02278,$
+035.205790,-097.416250,02285,$
+035.205810,-097.416150,02291,$
+035.205880,-097.416060,02296,$
+035.379917,-096.907845,00325,L
+035.205970,-097.415940,02302,$
+035.206070,-097.415790,02307,$
+035.206120,-097.415620,02312,$
+035.206150,-097.415470,02317,$
+035.206160,-097.415350,02322,$
+035.206180,-097.415260,02328,$
+035.206250,-097.415160,02334,$
+035.206340,-097.415030,02340,$
+035.206420,-097.414860,02346,$
+035.206480,-097.414690,02352,$
+035.206500,-097.414540,02357,$
+035.206520,-097.414410,02362,$
+035.206550,-097.414330,02368,$
+035.206610,-097.414250,02373,$
+035.206700,-097.414140,02378,$
+035.206800,-097.414000,02383,$
+035.206890,-097.413840,02388,$
+035.206950,-097.413660,02394,$
+035.206980,-097.413490,02400,$
+035.207000,-097.413350,02406,$
+035.207040,-097.413260,02412,$
+035.207100,-097.413170,02417,$
+035.207200,-097.413050,02423,$
+035.207280,-097.412880,02428,$
+035.207320,-097.412700,02433,$
+035.207340,-097.412550,02437,$
+035.207360,-097.412450,02442,$
+035.207410,-097.412350,02448,$
+035.207480,-097.412250,02453,$
+035.207570,-097.412120,02457,$
+035.207660,-097.411950,02462,$
+035.207740,-097.411770,02468,$
+035.207780,-097.411610,02474,$
+035.207800,-097.411480,02480,$
+035.207840,-097.411370,02486,$
+035.207910,-097.411280,02493,$
+035.208010,-097.411180,02499,$
+035.208120,-097.411060,02506,$
+035.208220,-097.410930,02514,$
+035.208320,-097.410780,02521,$
+035.208400,-097.410630,02529,$
+035.208460,-097.410460,02536,$
+035.208500,-097.410290,02543,$
+035.208570,-097.410120,02551,$
+035.208660,-097.410000,02557,$
+035.208750,-097.409920,02561,$
+035.208820,-097.409860,02565,$
+035.208880,-097.409780,02570,$
+035.208940,-097.409710,02576,$
+035.209010,-097.409610,02580,$
+035.209110,-097.409500,02585,$
+035.209210,-097.409370,02590,$
+035.209300,-097.409220,02597,$
+035.209370,-097.409060,02603,$
+035.209400,-097.408910,02609,$
+035.209430,-097.408810,02614,$
+035.209480,-097.408740,02618,$
+035.209480,-097.408740,02618,$
+035.209650,-097.408580,02628,$
+035.209750,-097.408460,02634,$
+035.209850,-097.408320,02640,$
+035.379917,-096.907845,00325,L
+035.209920,-097.408150,02645,$
+035.209960,-097.407990,02649,$
+035.209980,-097.407860,02654,$
+035.210020,-097.407770,02660,$
+035.210090,-097.407680,02666,$
+035.210190,-097.407550,02672,$
+035.210290,-097.407400,02678,$
+035.210360,-097.407230,02684,$
+035.210390,-097.407070,02689,$
+035.210420,-097.406970,02694,$
+035.210460,-097.406890,02700,$
+035.210530,-097.406810,02707,$
+035.210640,-097.406690,02713,$
+035.210740,-097.406550,02720,$
+035.210800,-097.406400,02727,$
+035.210830,-097.406280,02734,$
+035.210880,-097.406190,02739,$
+035.210950,-097.406100,02744,$
+035.211060,-097.405980,02749,$
+035.211150,-097.405830,02755,$
+035.211200,-097.405660,02760,$
+035.211230,-097.405520,02766,$
+035.211270,-097.405420,02771,$
+035.211340,-097.405340,02776,$
+035.211440,-097.405250,02780,$
+035.211560,-097.405110,02786,$
+035.211640,-097.404950,02791,$
+035.211690,-097.404790,02796,$
+035.211720,-097.404650,02802,$
+035.211760,-097.404530,02808,$
+035.211850,-097.404420,02814,$
+035.211960,-097.404270,02819,$
+035.212060,-097.404100,02825,$
+035.212110,-097.403920,02832,$
+035.212140,-097.403760,02839,$
+035.212180,-097.403640,02846,$
+035.212260,-097.403540,02853,$
+035.212360,-097.403420,02861,$
+035.212440,-097.403250,02868,$
+035.212490,-097.403070,02873,$
+035.212510,-097.402900,02879,$
+035.212540,-097.402790,02886,$
+035.212590,-097.402680,02893,$
+035.212670,-097.402530,02899,$
+035.212740,-097.402350,02904,$
+035.212800,-097.402160,02911,$
+035.212840,-097.402020,02918,$
+035.212890,-097.401920,02926,$
+035.212950,-097.401800,02934,$
+035.213000,-097.401650,02941,$
+035.213050,-097.401440,02945,$
+035.213100,-097.401230,02950,$
+035.213170,-097.401050,02957,$
+035.213240,-097.400910,02963,$
+035.213310,-097.400800,02970,$
+035.213360,-097.400700,02977,$
+035.213400,-097.400560,02984,$
+035.213430,-097.400380,02989,$
+035.213470,-097.400170,02995,$
+035.213520,-097.399960,03002,$
+035.379917,-096.907845,00325,L
+035.213590,-097.399790,03008,$
+035.213670,-097.399660,03013,$
+035.213740,-097.399550,03019,$
+035.213810,-097.399430,03026,$
+035.213880,-097.399280,03032,$
+035.213940,-097.399090,03037,$
+035.214000,-097.398860,03041,$
+035.214050,-097.398640,03047,$
+035.214080,-097.398450,03053,$
+035.214120,-097.398310,03059,$
+035.214180,-097.398190,03065,$
+035.214260,-097.398060,03070,$
+035.214330,-097.397890,03076,$
+035.214390,-097.397670,03081,$
+035.214450,-097.397450,03088,$
+035.214500,-097.397250,03094,$
+035.214560,-097.397090,03099,$
+035.214620,-097.396980,03105,$
+035.214670,-097.396870,03111,$
+035.214710,-097.396710,03116,$
+035.214750,-097.396510,03122,$
+035.214780,-097.396280,03126,$
+035.214810,-097.396070,03131,$
+035.214820,-097.395900,03137,$
+035.214860,-097.395760,03143,$
+035.214920,-097.395620,03148,$
+035.215000,-097.395450,03154,$
+035.215090,-097.395240,03160,$
+035.215150,-097.395000,03165,$
+035.215170,-097.394780,03171,$
+035.215180,-097.394600,03178,$
+035.215220,-097.394440,03184,$
+035.215310,-097.394290,03191,$
+035.215410,-097.394100,03197,$
+035.215480,-097.393880,03202,$
+035.215520,-097.393640,03206,$
+035.215530,-097.393410,03211,$
+035.215560,-097.393180,03218,$
+035.215610,-097.392970,03225,$
+035.215690,-097.392780,03231,$
+035.215770,-097.392640,03236,$
+035.215830,-097.392490,03241,$
+035.215860,-097.392330,03246,$
+035.215880,-097.392110,03252,$
+035.215920,-097.391860,03257,$
+035.215980,-097.391600,03262,$
+035.216080,-097.391370,03268,$
+035.216170,-097.391180,03275,$
+035.216240,-097.391000,03282,$
+035.216280,-097.390800,03288,$
+035.216290,-097.390580,03293,$
+035.216340,-097.390340,03299,$
+035.216420,-097.390110,03304,$
+035.216530,-097.389900,03312,$
+035.216610,-097.389700,03320,$
+035.216680,-097.389490,03327,$
+035.216710,-097.389260,03331,$
+035.216710,-097.389050,03335,$
+035.216710,-097.388850,03341,$
+035.216720,-097.388650,03348,$
+035.216770,-097.388440,03353,$
+035.379917,-096.907845,00325,L
+035.216850,-097.388190,03358,$
+035.216930,-097.387940,03364,$
+035.216980,-097.387690,03371,$
+035.217000,-097.387480,03377,$
+035.217030,-097.387310,03382,$
+035.217060,-097.387160,03387,$
+035.217130,-097.386990,03393,$
+035.217210,-097.386790,03399,$
+035.217310,-097.386280,03410,$
+035.217320,-097.386050,03414,$
+035.217320,-097.385860,03419,$
+035.217350,-097.385700,03425,$
+035.217410,-097.385520,03431,$
+035.217490,-097.385310,03436,$
+035.217580,-097.385060,03442,$
+035.217630,-097.384790,03447,$
+035.217640,-097.384540,03451,$
+035.217640,-097.384320,03458,$
+035.217670,-097.384140,03464,$
+035.217730,-097.383960,03470,$
+035.217810,-097.383740,03476,$
+035.217890,-097.383480,03482,$
+035.217930,-097.383210,03488,$
+035.217940,-097.382960,03494,$
+035.217950,-097.382750,03500,$
+035.217980,-097.382580,03507,$
+035.218060,-097.382390,03513,$
+035.218120,-097.382130,03520,$
+035.218160,-097.381850,03526,$
+035.218160,-097.381580,03533,$
+035.218150,-097.381340,03540,$
+035.218170,-097.381150,03547,$
+035.218220,-097.380950,03552,$
+035.218290,-097.380720,03557,$
+035.218360,-097.380450,03562,$
+035.218400,-097.380150,03568,$
+035.218400,-097.379880,03574,$
+035.218400,-097.379640,03580,$
+035.218410,-097.379430,03587,$
+035.218460,-097.379220,03593,$
+035.218540,-097.378970,03599,$
+035.218590,-097.378690,03604,$
+035.218610,-097.378380,03610,$
+035.218610,-097.378110,03615,$
+035.218600,-097.377880,03620,$
+035.218630,-097.377680,03626,$
+035.218690,-097.377460,03632,$
+035.218760,-097.377190,03637,$
+035.218800,-097.376880,03643,$
+035.218820,-097.376590,03648,$
+035.218810,-097.376340,03654,$
+035.218810,-097.376130,03659,$
+035.218850,-097.375920,03665,$
+035.218910,-097.375680,03672,$
+035.218980,-097.375390,03678,$
+035.219020,-097.375080,03685,$
+035.219030,-097.374570,03697,$
+035.219110,-097.374110,03711,$
+035.379917,-096.907845,00325,L
+035.219140,-097.373830,03718,$
+035.219150,-097.373520,03725,$
+035.219150,-097.373220,03733,$
+035.219160,-097.372980,03740,$
+035.219200,-097.372760,03747,$
+035.219250,-097.372540,03755,$
+035.219300,-097.372270,03761,$
+035.219350,-097.371940,03767,$
+035.219410,-097.371600,03774,$
+035.219470,-097.371310,03781,$
+035.219550,-097.371060,03788,$
+035.219600,-097.370790,03795,$
+035.219620,-097.370500,03800,$
+035.219630,-097.370190,03805,$
+035.219640,-097.369880,03811,$
+035.219670,-097.369600,03818,$
+035.219740,-097.369320,03824,$
+035.219830,-097.369030,03830,$
+035.219910,-097.368710,03836,$
+035.219960,-097.368370,03841,$
+035.219980,-097.368060,03847,$
+035.219990,-097.367770,03853,$
+035.220040,-097.367520,03859,$
+035.220120,-097.367260,03866,$
+035.220220,-097.366950,03873,$
+035.220300,-097.366620,03879,$
+035.220340,-097.366260,03886,$
+035.220350,-097.365950,03892,$
+035.220380,-097.365680,03900,$
+035.220440,-097.365420,03907,$
+035.220540,-097.365140,03914,$
+035.220620,-097.364820,03919,$
+035.220670,-097.364480,03925,$
+035.220690,-097.364140,03932,$
+035.220730,-097.363850,03939,$
+035.220790,-097.363580,03945,$
+035.220900,-097.363280,03950,$
+035.221010,-097.362950,03957,$
+035.221070,-097.362590,03963,$
+035.221100,-097.362250,03969,$
+035.221120,-097.361950,03974,$
+035.221160,-097.361670,03981,$
+035.221250,-097.361380,03989,$
+035.221360,-097.361050,03995,$
+035.221450,-097.360690,04002,$
+035.221510,-097.360310,04008,$
+035.221530,-097.359960,04015,$
+035.221570,-097.359650,04023,$
+035.221650,-097.359340,04031,$
+035.221770,-097.359020,04038,$
+035.221890,-097.358690,04045,$
+035.221970,-097.358340,04053,$
+035.222000,-097.357980,04060,$
+035.222020,-097.357640,04067,$
+035.222020,-097.357640,04067,$
+035.222150,-097.357060,04082,$
+035.222280,-097.356740,04088,$
+035.222410,-097.356380,04095,$
+035.222520,-097.356000,04102,$
+035.222590,-097.355640,04109,$
+035.379917,-096.907845,00325,L
+035.222640,-097.355320,04116,$
+035.222710,-097.355030,04122,$
+035.222820,-097.354730,04127,$
+035.222950,-097.354410,04132,$
+035.223090,-097.354040,04138,$
+035.223200,-097.353660,04144,$
+035.223270,-097.353290,04149,$
+035.223320,-097.352970,04155,$
+035.223390,-097.352680,04160,$
+035.223500,-097.352390,04165,$
+035.223640,-097.352080,04171,$
+035.223770,-097.351720,04177,$
+035.223860,-097.351340,04183,$
+035.223920,-097.350990,04188,$
+035.223970,-097.350680,04194,$
+035.224050,-097.350390,04200,$
+035.224160,-097.350070,04206,$
+035.224290,-097.349720,04212,$
+035.224400,-097.349320,04218,$
+035.224470,-097.348940,04223,$
+035.224520,-097.348600,04229,$
+035.224580,-097.348300,04236,$
+035.224670,-097.348010,04242,$
+035.224800,-097.347690,04247,$
+035.224940,-097.347340,04253,$
+035.225060,-097.346960,04259,$
+035.225150,-097.346580,04266,$
+035.225200,-097.346220,04273,$
+035.225230,-097.345890,04280,$
+035.225300,-097.345600,04287,$
+035.225410,-097.345300,04293,$
+035.225540,-097.344960,04298,$
+035.225660,-097.344590,04304,$
+035.225750,-097.344220,04311,$
+035.225800,-097.343880,04318,$
+035.225850,-097.343580,04324,$
+035.225950,-097.343290,04331,$
+035.226070,-097.342960,04337,$
+035.226190,-097.342600,04344,$
+035.226270,-097.342220,04349,$
+035.226310,-097.341870,04355,$
+035.226580,-097.340970,04372,$
+035.226720,-097.340610,04377,$
+035.226840,-097.340230,04383,$
+035.226910,-097.339850,04389,$
+035.226970,-097.339510,04395,$
+035.227030,-097.339220,04400,$
+035.227130,-097.338940,04406,$
+035.227260,-097.338660,04412,$
+035.227380,-097.338330,04417,$
+035.227470,-097.337960,04423,$
+035.227530,-097.337590,04428,$
+035.227590,-097.337270,04434,$
+035.227660,-097.337000,04439,$
+035.227770,-097.336740,04444,$
+035.227890,-097.336460,04450,$
+035.228020,-097.336160,04456,$
+035.228130,-097.335800,04463,$
+035.228230,-097.335430,04468,$
+035.379917,-096.907845,00325,L
+035.228290,-097.335080,04475,$
+035.228340,-097.334780,04482,$
+035.228420,-097.334500,04489,$
+035.228530,-097.334210,04495,$
+035.228680,-097.333880,04502,$
+035.228820,-097.333530,04509,$
+035.228920,-097.333180,04517,$
+035.228980,-097.332860,04523,$
+035.229040,-097.332560,04530,$
+035.229150,-097.332260,04537,$
+035.229280,-097.331940,04543,$
+035.229410,-097.331600,04549,$
+035.229500,-097.331280,04557,$
+035.229570,-097.330990,04563,$
+035.229670,-097.330710,04569,$
+035.229800,-097.330410,04574,$
+035.229940,-097.330080,04580,$
+035.230050,-097.329710,04586,$
+035.230120,-097.329360,04593,$
+035.230190,-097.329060,04598,$
+035.230270,-097.328810,04603,$
+035.230400,-097.328550,04609,$
+035.230550,-097.328250,04614,$
+035.230680,-097.327900,04620,$
+035.230780,-097.327550,04626,$
+035.230850,-097.327200,04632,$
+035.230930,-097.326910,04638,$
+035.231060,-097.326640,04644,$
+035.231200,-097.326360,04650,$
+035.231350,-097.326030,04656,$
+035.231460,-097.325650,04662,$
+035.231550,-097.325300,04670,$
+035.231660,-097.324990,04678,$
+035.231800,-097.324700,04683,$
+035.231970,-097.324390,04689,$
+035.232120,-097.324030,04695,$
+035.232240,-097.323650,04701,$
+035.232330,-097.323330,04707,$
+035.232430,-097.323040,04714,$
+035.232560,-097.322760,04721,$
+035.232720,-097.322450,04727,$
+035.232860,-097.322110,04734,$
+035.232980,-097.321790,04740,$
+035.233080,-097.321500,04747,$
+035.233210,-097.321220,04752,$
+035.233360,-097.320910,04757,$
+035.233510,-097.320560,04762,$
+035.233640,-097.320190,04768,$
+035.233740,-097.319850,04774,$
+035.233830,-097.319550,04779,$
+035.233940,-097.319290,04784,$
+035.234090,-097.319020,04790,$
+035.234260,-097.318720,04796,$
+035.234420,-097.318370,04801,$
+035.234540,-097.318000,04806,$
+035.234640,-097.317650,04812,$
+035.234740,-097.317340,04818,$
+035.234870,-097.317060,04824,$
+035.235030,-097.316780,04829,$
+035.235200,-097.316450,04835,$
+035.235350,-097.316100,04842,$
+035.379917,-096.907845,00325,L
+035.235450,-097.315740,04848,$
+035.235550,-097.315420,04854,$
+035.235660,-097.315130,04860,$
+035.235820,-097.314830,04866,$
+035.235990,-097.314510,04873,$
+035.236150,-097.314150,04880,$
+035.236270,-097.313800,04887,$
+035.236350,-097.313460,04892,$
+035.236430,-097.313160,04897,$
+035.236540,-097.312890,04904,$
+035.236670,-097.312610,04911,$
+035.236810,-097.312270,04918,$
+035.236970,-097.311900,04923,$
+035.237130,-097.311520,04929,$
+035.237280,-097.311200,04935,$
+035.237420,-097.310920,04941,$
+035.237530,-097.310650,04946,$
+035.237610,-097.310360,04952,$
+035.237710,-097.310010,04959,$
+035.237850,-097.309630,04965,$
+035.238010,-097.309280,04970,$
+035.238170,-097.308990,04975,$
+035.238300,-097.308730,04980,$
+035.238410,-097.308470,04986,$
+035.238510,-097.308200,04993,$
+035.238650,-097.307910,05000,$
+035.238810,-097.307590,05005,$
+035.238980,-097.307240,05010,$
+035.239120,-097.306880,05016,$
+035.239230,-097.306550,05023,$
+035.239320,-097.306270,05029,$
+035.239450,-097.306010,05034,$
+035.239610,-097.305730,05039,$
+035.239790,-097.305420,05044,$
+035.239960,-097.305060,05050,$
+035.240080,-097.304700,05055,$
+035.240170,-097.304370,05060,$
+035.240280,-097.304080,05067,$
+035.240410,-097.303830,05072,$
+035.240590,-097.303550,05078,$
+035.240780,-097.303240,05084,$
+035.240940,-097.302890,05090,$
+035.241060,-097.302540,05096,$
+035.241170,-097.302230,05103,$
+035.241310,-097.301960,05108,$
+035.241490,-097.301680,05114,$
+035.241680,-097.301370,05121,$
+035.241850,-097.301020,05127,$
+035.241970,-097.300670,05133,$
+035.242070,-097.300350,05141,$
+035.242200,-097.300060,05148,$
+035.242370,-097.299740,05154,$
+035.242370,-097.299740,05154,$
+035.242740,-097.299040,05166,$
+035.242870,-097.298700,05172,$
+035.242970,-097.298390,05179,$
+035.243110,-097.298120,05184,$
+035.243290,-097.297860,05189,$
+035.243490,-097.297550,05194,$
+035.243690,-097.297210,05200,$
+035.379917,-096.907845,00325,L
+035.243860,-097.296850,05206,$
+035.243990,-097.296510,05212,$
+035.244120,-097.296220,05218,$
+035.244280,-097.295950,05225,$
+035.244470,-097.295660,05231,$
+035.244650,-097.295310,05237,$
+035.244790,-097.294950,05243,$
+035.244920,-097.294620,05248,$
+035.245250,-097.294060,05260,$
+035.245450,-097.293750,05265,$
+035.245790,-097.293010,05276,$
+035.245910,-097.292690,05281,$
+035.246060,-097.292390,05287,$
+035.246240,-097.292100,05292,$
+035.246430,-097.291770,05298,$
+035.246590,-097.291420,05305,$
+035.246730,-097.291080,05312,$
+035.246890,-097.290790,05318,$
+035.247080,-097.290500,05325,$
+035.247300,-097.290180,05330,$
+035.247500,-097.289830,05337,$
+035.247650,-097.289450,05343,$
+035.247780,-097.289120,05349,$
+035.247920,-097.288820,05355,$
+035.248120,-097.288540,05361,$
+035.248330,-097.288220,05366,$
+035.248550,-097.287860,05371,$
+035.248740,-097.287480,05376,$
+035.248890,-097.287110,05382,$
+035.249020,-097.286770,05388,$
+035.249160,-097.286480,05394,$
+035.249360,-097.286210,05400,$
+035.249570,-097.285900,05407,$
+035.249770,-097.285550,05412,$
+035.249920,-097.285200,05417,$
+035.250050,-097.284870,05422,$
+035.250170,-097.284580,05428,$
+035.250310,-097.284290,05435,$
+035.250470,-097.283980,05440,$
+035.250640,-097.283620,05445,$
+035.250820,-097.283240,05448,$
+035.251010,-097.282860,05452,$
+035.251190,-097.282490,05456,$
+035.251380,-097.282170,05461,$
+035.251560,-097.281870,05466,$
+035.251740,-097.281600,05470,$
+035.251910,-097.281330,05476,$
+035.252090,-097.281040,05484,$
+035.252260,-097.280710,05492,$
+035.252450,-097.280340,05500,$
+035.252640,-097.279980,05508,$
+035.252850,-097.279670,05515,$
+035.253020,-097.279400,05521,$
+035.253170,-097.279120,05525,$
+035.253300,-097.278820,05531,$
+035.253440,-097.278470,05537,$
+035.253600,-097.278140,05544,$
+035.253770,-097.277850,05551,$
+035.379917,-096.907845,00325,L
+035.253970,-097.277570,05557,$
+035.254180,-097.277280,05564,$
+035.254390,-097.276920,05570,$
+035.254570,-097.276560,05576,$
+035.254710,-097.276200,05581,$
+035.254860,-097.275890,05588,$
+035.255020,-097.275630,05594,$
+035.255230,-097.275350,05600,$
+035.255450,-097.275040,05606,$
+035.255660,-097.274680,05612,$
+035.255830,-097.274310,05617,$
+035.255970,-097.273960,05622,$
+035.256110,-097.273650,05628,$
+035.256280,-097.273370,05634,$
+035.256490,-097.273090,05640,$
+035.256710,-097.272770,05647,$
+035.256900,-097.272420,05653,$
+035.257060,-097.272050,05659,$
+035.257200,-097.271730,05665,$
+035.257360,-097.271450,05672,$
+035.257540,-097.271160,05679,$
+035.257760,-097.270840,05686,$
+035.257980,-097.270470,05692,$
+035.258190,-097.270100,05699,$
+035.258380,-097.269770,05706,$
+035.258570,-097.269490,05712,$
+035.258750,-097.269230,05718,$
+035.258930,-097.268910,05725,$
+035.259120,-097.268550,05730,$
+035.259310,-097.268170,05734,$
+035.259510,-097.267770,05741,$
+035.259700,-097.267410,05748,$
+035.259860,-097.267080,05755,$
+035.260030,-097.266800,05761,$
+035.260200,-097.266530,05768,$
+035.260400,-097.266200,05775,$
+035.260590,-097.265830,05782,$
+035.260760,-097.265470,05788,$
+035.260910,-097.265150,05795,$
+035.261100,-097.264860,05801,$
+035.261310,-097.264560,05808,$
+035.261510,-097.264210,05815,$
+035.261680,-097.263840,05821,$
+035.261830,-097.263510,05827,$
+035.261970,-097.263210,05834,$
+035.262170,-097.262920,05842,$
+035.262390,-097.262570,05848,$
+035.262590,-097.262190,05854,$
+035.262740,-097.261810,05860,$
+035.262880,-097.261470,05865,$
+035.263020,-097.261180,05871,$
+035.263200,-097.260890,05877,$
+035.263420,-097.260570,05883,$
+035.263640,-097.260210,05888,$
+035.263830,-097.259800,05894,$
+035.263980,-097.259410,05899,$
+035.264110,-097.259070,05905,$
+035.264470,-097.258480,05917,$
+035.264700,-097.258160,05923,$
+035.264930,-097.257790,05930,$
+035.379917,-096.907845,00325,L
+035.265130,-097.257390,05936,$
+035.265300,-097.257000,05943,$
+035.265440,-097.256660,05951,$
+035.265590,-097.256360,05959,$
+035.265800,-097.256080,05966,$
+035.266040,-097.255770,05973,$
+035.266270,-097.255400,05979,$
+035.266470,-097.255010,05985,$
+035.266620,-097.254630,05992,$
+035.266750,-097.254300,05998,$
+035.267580,-097.253030,06024,$
+035.267750,-097.252660,06030,$
+035.268070,-097.252050,06044,$
+035.268290,-097.251780,06050,$
+035.268530,-097.251460,06056,$
+035.268750,-097.251080,06062,$
+035.268920,-097.250700,06067,$
+035.269070,-097.250360,06072,$
+035.270280,-097.248460,06103,$
+035.270420,-097.248140,06110,$
+035.270820,-097.247590,06122,$
+035.271070,-097.247280,06128,$
+035.271320,-097.246930,06135,$
+035.271530,-097.246550,06141,$
+035.271690,-097.246220,06147,$
+035.271850,-097.245930,06154,$
+035.272040,-097.245660,06162,$
+035.272720,-097.244610,06184,$
+035.272890,-097.244250,06192,$
+035.273510,-097.243420,06212,$
+035.273760,-097.243100,06218,$
+035.273990,-097.242720,06224,$
+035.274170,-097.242360,06230,$
+035.274320,-097.242030,06236,$
+035.274700,-097.241500,06250,$
+035.274960,-097.241220,06257,$
+035.275220,-097.240900,06264,$
+035.275450,-097.240540,06270,$
+035.275630,-097.240180,06275,$
+035.275790,-097.239850,06280,$
+035.275960,-097.239560,06285,$
+035.276160,-097.239270,06290,$
+035.276380,-097.238950,06296,$
+035.276620,-097.238590,06301,$
+035.276850,-097.238250,06306,$
+035.277060,-097.237950,06313,$
+035.379917,-096.907845,00325,L
+035.277700,-097.237100,06333,$
+035.277950,-097.236760,06338,$
+035.278180,-097.236370,06344,$
+035.278370,-097.235980,06350,$
+035.278570,-097.235640,06357,$
+035.278790,-097.235350,06363,$
+035.279040,-097.235080,06368,$
+035.279320,-097.234760,06373,$
+035.279600,-097.234390,06379,$
+035.279830,-097.234000,06384,$
+035.280010,-097.233630,06390,$
+035.280200,-097.233310,06396,$
+035.280430,-097.233020,06404,$
+035.280710,-097.232710,06410,$
+035.280990,-097.232340,06416,$
+035.281230,-097.231940,06420,$
+035.281440,-097.231570,06425,$
+035.282080,-097.230600,06439,$
+035.282360,-097.230240,06443,$
+035.282630,-097.229870,06448,$
+035.282880,-097.229540,06454,$
+035.283120,-097.229230,06459,$
+035.283340,-097.228890,06464,$
+035.283570,-097.228520,06469,$
+035.283820,-097.228130,06474,$
+035.284090,-097.227770,06479,$
+035.284370,-097.227440,06484,$
+035.284620,-097.227130,06489,$
+035.284840,-097.226800,06495,$
+035.285080,-097.226440,06502,$
+035.285340,-097.226070,06508,$
+035.285620,-097.225710,06513,$
+035.285890,-097.225370,06518,$
+035.286130,-097.225050,06522,$
+035.286350,-097.224720,06526,$
+035.286570,-097.224370,06531,$
+035.286810,-097.224030,06537,$
+035.287090,-097.223690,06541,$
+035.287370,-097.223320,06546,$
+035.287640,-097.222930,06551,$
+035.287910,-097.222530,06556,$
+035.288160,-097.222150,06561,$
+035.288390,-097.221810,06565,$
+035.288610,-097.221490,06570,$
+035.288850,-097.221170,06576,$
+035.289120,-097.220840,06582,$
+035.289410,-097.220480,06586,$
+035.289720,-097.220120,06589,$
+035.290030,-097.219760,06595,$
+035.290310,-097.219410,06600,$
+035.290570,-097.219050,06607,$
+035.290820,-097.218670,06613,$
+035.291100,-097.218280,06620,$
+035.291380,-097.217900,06626,$
+035.291650,-097.217500,06631,$
+035.291890,-097.217100,06636,$
+035.379917,-096.907845,00325,L
+035.292110,-097.216710,06641,$
+035.292360,-097.216330,06646,$
+035.292650,-097.215960,06653,$
+035.292950,-097.215610,06658,$
+035.293250,-097.215270,06664,$
+035.293510,-097.214960,06670,$
+035.293760,-097.214610,06675,$
+035.294030,-097.214220,06682,$
+035.294330,-097.213820,06688,$
+035.294650,-097.213450,06695,$
+035.294980,-097.213100,06703,$
+035.295260,-097.212760,06710,$
+035.295780,-097.212000,06720,$
+035.296070,-097.211590,06726,$
+035.296400,-097.211210,06733,$
+035.296730,-097.210880,06741,$
+035.297040,-097.210560,06748,$
+035.297290,-097.210240,06753,$
+035.297540,-097.209860,06759,$
+035.297810,-097.209470,06766,$
+035.298100,-097.209080,06773,$
+035.298390,-097.208740,06779,$
+035.298640,-097.208410,06785,$
+035.298900,-097.208070,06792,$
+035.299180,-097.207690,06799,$
+035.299510,-097.207310,06806,$
+035.299850,-097.206960,06813,$
+035.300160,-097.206670,06819,$
+035.300430,-097.206380,06824,$
+035.300670,-097.206070,06831,$
+035.300940,-097.205700,06837,$
+035.301250,-097.205320,06842,$
+035.301590,-097.204950,06846,$
+035.301930,-097.204580,06852,$
+035.302230,-097.204220,06859,$
+035.302480,-097.203840,06866,$
+035.302730,-097.203490,06872,$
+035.302980,-097.203170,06879,$
+035.303230,-097.202840,06884,$
+035.303490,-097.202460,06889,$
+035.304070,-097.201650,06900,$
+035.304390,-097.201290,06905,$
+035.304690,-097.200980,06912,$
+035.304960,-097.200680,06919,$
+035.305510,-097.199950,06934,$
+035.305820,-097.199560,06940,$
+035.306140,-097.199220,06947,$
+035.306440,-097.198940,06954,$
+035.306710,-097.198640,06962,$
+035.306970,-097.198280,06970,$
+035.307250,-097.197880,06977,$
+035.307560,-097.197490,06983,$
+035.307870,-097.197160,06990,$
+035.308170,-097.196860,06997,$
+035.308440,-097.196540,07004,$
+035.308710,-097.196160,07010,$
+035.309000,-097.195770,07017,$
+035.309300,-097.195410,07023,$
+035.379917,-096.907845,00325,L
+035.309600,-097.195110,07030,$
+035.309890,-097.194830,07037,$
+035.310170,-097.194520,07044,$
+035.310480,-097.194170,07050,$
+035.310830,-097.193810,07055,$
+035.311170,-097.193470,07061,$
+035.311480,-097.193160,07067,$
+035.311740,-097.192870,07073,$
+035.312270,-097.192250,07084,$
+035.312600,-097.191940,07090,$
+035.312950,-097.191610,07097,$
+035.313290,-097.191260,07104,$
+035.313590,-097.190870,07109,$
+035.314400,-097.189820,07126,$
+035.314720,-097.189540,07131,$
+035.315060,-097.189220,07138,$
+035.316180,-097.187840,07164,$
+035.316510,-097.187550,07170,$
+035.316870,-097.187230,07177,$
+035.317230,-097.186870,07184,$
+035.317540,-097.186470,07190,$
+035.317820,-097.186100,07196,$
+035.318690,-097.185230,07212,$
+035.319050,-097.184930,07217,$
+035.319400,-097.184560,07223,$
+035.319700,-097.184190,07228,$
+035.320260,-097.183550,07240,$
+035.320590,-097.183270,07246,$
+035.320950,-097.182950,07252,$
+035.321300,-097.182580,07257,$
+035.321600,-097.182190,07261,$
+035.321860,-097.181850,07267,$
+035.322130,-097.181550,07273,$
+035.322460,-097.181270,07280,$
+035.322820,-097.180960,07286,$
+035.323180,-097.180590,07291,$
+035.323490,-097.180200,07297,$
+035.323770,-097.179820,07303,$
+035.324040,-097.179520,07309,$
+035.324340,-097.179250,07315,$
+035.324690,-097.178980,07322,$
+035.325050,-097.178640,07328,$
+035.325380,-097.178270,07335,$
+035.325660,-097.177900,07341,$
+035.325940,-097.177600,07348,$
+035.326230,-097.177320,07355,$
+035.326580,-097.177020,07362,$
+035.326950,-097.176670,07367,$
+035.327290,-097.176290,07373,$
+035.327580,-097.175920,07380,$
+035.327860,-097.175610,07387,$
+035.328180,-097.175340,07393,$
+035.379917,-096.907845,00325,L
+035.328540,-097.175050,07401,$
+035.328910,-097.174710,07408,$
+035.329240,-097.174330,07415,$
+035.329520,-097.173970,07422,$
+035.329810,-097.173670,07428,$
+035.330130,-097.173390,07434,$
+035.330490,-097.173110,07441,$
+035.330860,-097.172790,07447,$
+035.331200,-097.172420,07454,$
+035.331500,-097.172070,07461,$
+035.331800,-097.171750,07468,$
+035.332120,-097.171460,07474,$
+035.332480,-097.171140,07479,$
+035.332820,-097.170790,07484,$
+035.333150,-097.170440,07489,$
+035.333440,-097.170100,07495,$
+035.333760,-097.169800,07500,$
+035.334100,-097.169490,07506,$
+035.334450,-097.169160,07512,$
+035.334760,-097.168810,07519,$
+035.335070,-097.168470,07524,$
+035.335390,-097.168160,07529,$
+035.335740,-097.167850,07532,$
+035.336110,-097.167510,07536,$
+035.336480,-097.167170,07541,$
+035.336810,-097.166850,07546,$
+035.337120,-097.166530,07550,$
+035.337420,-097.166210,07555,$
+035.337730,-097.165860,07560,$
+035.338060,-097.165530,07564,$
+035.338410,-097.165230,07569,$
+035.338750,-097.164950,07574,$
+035.339090,-097.164640,07580,$
+035.339410,-097.164290,07588,$
+035.339740,-097.163930,07596,$
+035.340070,-097.163600,07603,$
+035.340390,-097.163310,07609,$
+035.340690,-097.163050,07614,$
+035.341010,-097.162770,07620,$
+035.341360,-097.162470,07626,$
+035.341710,-097.162140,07633,$
+035.342030,-097.161800,07640,$
+035.342310,-097.161450,07646,$
+035.342600,-097.161090,07653,$
+035.342930,-097.160750,07661,$
+035.343300,-097.160420,07667,$
+035.343670,-097.160120,07674,$
+035.344010,-097.159840,07682,$
+035.344300,-097.159540,07689,$
+035.344570,-097.159200,07696,$
+035.344880,-097.158840,07703,$
+035.345230,-097.158520,07710,$
+035.345590,-097.158220,07717,$
+035.345920,-097.157910,07725,$
+035.346220,-097.157560,07731,$
+035.346510,-097.157170,07736,$
+035.346830,-097.156760,07743,$
+035.347180,-097.156400,07750,$
+035.347500,-097.156100,07756,$
+035.347800,-097.155820,07762,$
+035.379917,-096.907845,00325,L
+035.348100,-097.155490,07769,$
+035.348420,-097.155130,07776,$
+035.348770,-097.154780,07781,$
+035.349100,-097.154440,07787,$
+035.349400,-097.154140,07792,$
+035.349670,-097.153820,07796,$
+035.349960,-097.153510,07801,$
+035.350280,-097.153190,07807,$
+035.350640,-097.152870,07811,$
+035.351020,-097.152530,07817,$
+035.351370,-097.152180,07824,$
+035.351690,-097.151820,07831,$
+035.351990,-097.151470,07838,$
+035.352300,-097.151100,07844,$
+035.352620,-097.150710,07851,$
+035.352960,-097.150330,07857,$
+035.353290,-097.149990,07863,$
+035.353600,-097.149650,07867,$
+035.353870,-097.149310,07871,$
+035.354160,-097.148970,07876,$
+035.354470,-097.148640,07881,$
+035.354820,-097.148310,07886,$
+035.355180,-097.147960,07890,$
+035.355550,-097.147600,07894,$
+035.355890,-097.147210,07898,$
+035.356200,-097.146840,07902,$
+035.356500,-097.146480,07906,$
+035.356830,-097.146130,07910,$
+035.357180,-097.145770,07914,$
+035.357540,-097.145400,07918,$
+035.357880,-097.145040,07923,$
+035.358190,-097.144690,07927,$
+035.358490,-097.144340,07934,$
+035.358830,-097.143980,07941,$
+035.359200,-097.143620,07946,$
+035.359590,-097.143260,07952,$
+035.359970,-097.142920,07959,$
+035.360300,-097.142580,07966,$
+035.360590,-097.142200,07971,$
+035.360890,-097.141800,07978,$
+035.361230,-097.141400,07985,$
+035.361600,-097.141040,07993,$
+035.361950,-097.140710,08001,$
+035.362290,-097.140360,08009,$
+035.362630,-097.139980,08016,$
+035.363010,-097.139580,08021,$
+035.363400,-097.139210,08027,$
+035.363750,-097.138860,08034,$
+035.364080,-097.138530,08038,$
+035.364410,-097.138190,08043,$
+035.364770,-097.137850,08048,$
+035.365150,-097.137470,08054,$
+035.365530,-097.137040,08059,$
+035.365880,-097.136620,08064,$
+035.366200,-097.136240,08068,$
+035.366520,-097.135890,08072,$
+035.366850,-097.135540,08077,$
+035.367220,-097.135140,08082,$
+035.367600,-097.134720,08087,$
+035.367960,-097.134320,08092,$
+035.368300,-097.133940,08097,$
+035.379917,-096.907845,00325,L
+035.368610,-097.133560,08100,$
+035.368920,-097.133170,08105,$
+035.369580,-097.132390,08117,$
+035.369930,-097.132030,08122,$
+035.370290,-097.131650,08127,$
+035.370630,-097.131230,08132,$
+035.370970,-097.130810,08137,$
+035.371630,-097.130030,08146,$
+035.372290,-097.129340,08154,$
+035.372650,-097.129000,08158,$
+035.373010,-097.128640,08163,$
+035.373360,-097.128270,08169,$
+035.374380,-097.127020,08184,$
+035.374740,-097.126590,08189,$
+035.375080,-097.126200,08194,$
+035.376060,-097.125070,08209,$
+035.376430,-097.124660,08213,$
+035.376800,-097.124240,08219,$
+035.377160,-097.123840,08224,$
+035.377480,-097.123450,08228,$
+035.377800,-097.123070,08233,$
+035.378150,-097.122700,08238,$
+035.378520,-097.122310,08243,$
+035.378890,-097.121930,08248,$
+035.379550,-097.121160,08257,$
+035.380260,-097.120360,08267,$
+035.380990,-097.119570,08278,$
+035.381320,-097.119190,08283,$
+035.381660,-097.118800,08290,$
+035.383090,-097.117100,08313,$
+035.383450,-097.116770,08318,$
+035.385900,-097.113920,08357,$
+035.386630,-097.113080,08368,$
+035.386940,-097.112660,08372,$
+035.387570,-097.111850,08383,$
+035.388310,-097.111090,08398,$
+035.388700,-097.110710,08404,$
+035.389070,-097.110340,08410,$
+035.379917,-096.907845,00325,L
+035.389410,-097.109990,08415,$
+035.389750,-097.109620,08422,$
+035.390100,-097.109210,08429,$
+035.390470,-097.108760,08435,$
+035.391230,-097.107820,08447,$
+035.391600,-097.107420,08454,$
+035.391940,-097.107070,08459,$
+035.392280,-097.106700,08464,$
+035.392620,-097.106270,08469,$
+035.392990,-097.105820,08472,$
+035.393380,-097.105350,08476,$
+035.393770,-097.104920,08481,$
+035.394140,-097.104520,08487,$
+035.394470,-097.104140,08491,$
+035.394790,-097.103740,08496,$
+035.395140,-097.103320,08501,$
+035.395520,-097.102870,08504,$
+035.395900,-097.102450,08508,$
+035.396270,-097.102050,08514,$
+035.396610,-097.101650,08520,$
+035.396950,-097.101230,08526,$
+035.397310,-097.100810,08531,$
+035.397690,-097.100400,08537,$
+035.398080,-097.099980,08543,$
+035.398450,-097.099550,08547,$
+035.398810,-097.099090,08551,$
+035.399150,-097.098620,08555,$
+035.399480,-097.098170,08560,$
+035.399810,-097.097760,08565,$
+035.400150,-097.097370,08569,$
+035.400510,-097.097010,08573,$
+035.400890,-097.096620,08579,$
+035.401270,-097.096190,08584,$
+035.401650,-097.095740,08588,$
+035.402000,-097.095310,08593,$
+035.402320,-097.094890,08597,$
+035.402650,-097.094500,08602,$
+035.403010,-097.094100,08607,$
+035.403400,-097.093680,08612,$
+035.403790,-097.093240,08618,$
+035.404160,-097.092790,08625,$
+035.404500,-097.092360,08631,$
+035.404820,-097.091950,08637,$
+035.405160,-097.091530,08645,$
+035.405540,-097.091100,08650,$
+035.405960,-097.090660,08654,$
+035.406380,-097.090220,08658,$
+035.406760,-097.089790,08665,$
+035.407100,-097.089370,08670,$
+035.407420,-097.088970,08676,$
+035.407760,-097.088570,08681,$
+035.408120,-097.088150,08687,$
+035.408520,-097.087700,08691,$
+035.408910,-097.087240,08697,$
+035.409280,-097.086810,08703,$
+035.409630,-097.086400,08707,$
+035.409970,-097.086000,08711,$
+035.410320,-097.085560,08717,$
+035.410680,-097.085110,08722,$
+035.411050,-097.084660,08727,$
+035.379917,-096.907845,00325,L
+035.411420,-097.084240,08735,$
+035.411790,-097.083850,08742,$
+035.412160,-097.083470,08748,$
+035.412540,-097.083080,08756,$
+035.412890,-097.082680,08764,$
+035.413210,-097.082250,08770,$
+035.413520,-097.081780,08776,$
+035.413840,-097.081300,08782,$
+035.414220,-097.080830,08789,$
+035.414620,-097.080380,08796,$
+035.415010,-097.079960,08804,$
+035.415360,-097.079520,08811,$
+035.415660,-097.079060,08816,$
+035.415970,-097.078570,08820,$
+035.416280,-097.078090,08825,$
+035.416610,-097.077650,08830,$
+035.416980,-097.077240,08835,$
+035.417370,-097.076840,08840,$
+035.417740,-097.076390,08847,$
+035.418090,-097.075890,08852,$
+035.418440,-097.075360,08856,$
+035.418780,-097.074840,08863,$
+035.419110,-097.074360,08870,$
+035.419430,-097.073920,08878,$
+035.420500,-097.072620,08900,$
+035.421290,-097.071570,08910,$
+035.421620,-097.071040,08916,$
+035.422600,-097.069600,08932,$
+035.423350,-097.068630,08941,$
+035.423720,-097.068150,08946,$
+035.424060,-097.067670,08951,$
+035.424400,-097.067150,08954,$
+035.424760,-097.066640,08958,$
+035.425140,-097.066150,08963,$
+035.425510,-097.065670,08968,$
+035.426190,-097.064710,08977,$
+035.426530,-097.064240,08982,$
+035.426880,-097.063770,08987,$
+035.427250,-097.063270,08991,$
+035.427600,-097.062740,08996,$
+035.427950,-097.062230,09000,$
+035.428290,-097.061740,09005,$
+035.428630,-097.061290,09009,$
+035.428980,-097.060820,09014,$
+035.429330,-097.060320,09019,$
+035.429680,-097.059810,09023,$
+035.430040,-097.059320,09029,$
+035.430390,-097.058840,09034,$
+035.430730,-097.058360,09038,$
+035.431070,-097.057840,09043,$
+035.431420,-097.057300,09047,$
+035.431770,-097.056780,09052,$
+035.432110,-097.056270,09057,$
+035.432430,-097.055800,09062,$
+035.379917,-096.907845,00325,L
+035.432760,-097.055320,09067,$
+035.433100,-097.054810,09072,$
+035.433450,-097.054280,09077,$
+035.433810,-097.053740,09083,$
+035.434160,-097.053230,09089,$
+035.434520,-097.052740,09093,$
+035.434890,-097.052250,09098,$
+035.435260,-097.051760,09104,$
+035.435600,-097.051250,09110,$
+035.435920,-097.050730,09115,$
+035.436260,-097.050220,09120,$
+035.436620,-097.049710,09124,$
+035.436990,-097.049220,09129,$
+035.437340,-097.048720,09135,$
+035.437660,-097.048220,09139,$
+035.437980,-097.047710,09143,$
+035.438320,-097.047200,09148,$
+035.438690,-097.046700,09153,$
+035.439050,-097.046180,09157,$
+035.439390,-097.045650,09162,$
+035.439700,-097.045120,09166,$
+035.440010,-097.044590,09171,$
+035.440330,-097.044080,09176,$
+035.440680,-097.043590,09181,$
+035.441040,-097.043110,09185,$
+035.441390,-097.042640,09190,$
+035.441710,-097.042150,09194,$
+035.442030,-097.041630,09199,$
+035.442360,-097.041080,09204,$
+035.442710,-097.040540,09210,$
+035.443070,-097.040040,09216,$
+035.443400,-097.039570,09220,$
+035.443730,-097.039090,09225,$
+035.444070,-097.038580,09229,$
+035.444420,-097.038050,09234,$
+035.445100,-097.037020,09244,$
+035.449410,-097.030400,09305,$
+035.449760,-097.029870,09310,$
+035.450120,-097.029360,09314,$
+035.450460,-097.028880,09319,$
+035.450790,-097.028390,09323,$
+035.451130,-097.027880,09328,$
+035.451470,-097.027350,09332,$
+035.451800,-097.026820,09336,$
+035.452140,-097.026310,09341,$
+035.452480,-097.025810,09345,$
+035.452850,-097.025330,09349,$
+035.379917,-096.907845,00325,L
+035.453230,-097.024830,09354,$
+035.453600,-097.024330,09358,$
+035.453940,-097.023830,09363,$
+035.454270,-097.023300,09366,$
+035.454610,-097.022750,09371,$
+035.454960,-097.022220,09375,$
+035.455310,-097.021700,09379,$
+035.455650,-097.021190,09384,$
+035.455990,-097.020710,09388,$
+035.456350,-097.020220,09393,$
+035.456720,-097.019710,09398,$
+035.457080,-097.019200,09402,$
+035.457440,-097.018680,09407,$
+035.457790,-097.018140,09411,$
+035.458130,-097.017620,09416,$
+035.458460,-097.017110,09420,$
+035.458770,-097.016630,09424,$
+035.459120,-097.016140,09430,$
+035.459490,-097.015630,09434,$
+035.459860,-097.015100,09438,$
+035.460220,-097.014560,09442,$
+035.460540,-097.014030,09447,$
+035.460880,-097.013500,09452,$
+035.464880,-097.008000,09504,$
+035.467110,-097.004870,09532,$
+035.467880,-097.003850,09541,$
+035.469690,-097.001260,09563,$
+035.470840,-096.999740,09577,$
+035.472690,-096.997130,09599,$
+035.473070,-096.996610,09604,$
+035.473840,-096.995580,09612,$
+035.475340,-096.993480,09631,$
+035.379917,-096.907845,00325,L
+035.475740,-096.992970,09635,$
+035.477630,-096.990300,09657,$
+035.479890,-096.987180,09683,$
+035.480250,-096.986610,09687,$
+035.480610,-096.986070,09692,$
+035.482500,-096.983420,09714,$
+035.483960,-096.981320,09733,$
+035.484340,-096.980770,09736,$
+035.485070,-096.979690,09745,$
+035.485430,-096.979150,09750,$
+035.485810,-096.978600,09754,$
+035.486190,-096.978070,09759,$
+035.486570,-096.977550,09763,$
+035.487320,-096.976490,09771,$
+035.487690,-096.975930,09776,$
+035.488060,-096.975380,09781,$
+035.488420,-096.974850,09785,$
+035.489160,-096.973760,09795,$
+035.489520,-096.973200,09799,$
+035.508530,-096.944110,10022,$
+035.379917,-096.907845,00325,L
+035.509280,-096.942960,10031,$
+035.509640,-096.942410,10035,$
+035.510740,-096.940700,10047,$
+035.511100,-096.940110,10052,$
+035.511450,-096.939540,10056,$
+035.511820,-096.938960,10060,$
+035.512200,-096.938370,10064,$
+035.512580,-096.937800,10069,$
+035.512970,-096.937250,10073,$
+035.514060,-096.935560,10086,$
+035.514420,-096.934940,10090,$
+035.514780,-096.934340,10095,$
+035.515130,-096.933780,10099,$
+035.515490,-096.933240,10103,$
+035.515850,-096.932700,10108,$
+035.516210,-096.932120,10112,$
+035.516570,-096.931530,10117,$
+035.516930,-096.930960,10121,$
+035.517300,-096.930400,10126,$
+035.517670,-096.929850,10130,$
+035.518030,-096.929280,10134,$
+035.518380,-096.928690,10138,$
+035.518730,-096.928080,10142,$
+035.519090,-096.927490,10147,$
+035.519480,-096.926920,10151,$
+035.519870,-096.926360,10155,$
+035.520250,-096.925790,10159,$
+035.520600,-096.925220,10163,$
+035.520950,-096.924640,10167,$
+035.521320,-096.924070,10171,$
+035.521690,-096.923500,10175,$
+035.522060,-096.922940,10179,$
+035.522420,-096.922360,10184,$
+035.522780,-096.921780,10188,$
+035.523160,-096.921190,10192,$
+035.523550,-096.920600,10196,$
+035.525010,-096.918350,10213,$
+035.529490,-096.911490,10265,$
+035.529840,-096.910910,10268,$
+035.530210,-096.910340,10273,$
+035.530590,-096.909790,10277,$
+035.530960,-096.909230,10281,$
+035.379917,-096.907845,00325,L
+035.531660,-096.908090,10290,$
+035.533160,-096.905810,10307,$
+035.533520,-096.905240,10311,$
+035.533870,-096.904680,10316,$
+035.534250,-096.904110,10320,$
+035.534630,-096.903530,10325,$
+035.534990,-096.902940,10330,$
+035.535350,-096.902350,10334,$
+035.535720,-096.901790,10339,$
+035.536110,-096.901240,10344,$
+035.536490,-096.900680,10348,$
+035.536840,-096.900110,10352,$
+035.537190,-096.899540,10356,$
+035.537540,-096.898980,10360,$
+035.537910,-096.898420,10364,$
+035.538280,-096.897860,10369,$
+035.538640,-096.897270,10372,$
+035.539010,-096.896690,10377,$
+035.539390,-096.896130,10381,$
+035.539770,-096.895580,10385,$
+035.540120,-096.895020,10390,$
+035.540470,-096.894460,10394,$
+035.540810,-096.893910,10399,$
+035.541180,-096.893360,10402,$
+035.541530,-096.892790,10407,$
+035.541880,-096.892220,10411,$
+035.542240,-096.891650,10415,$
+035.542610,-096.891080,10419,$
+035.543000,-096.890540,10424,$
+035.543370,-096.889990,10429,$
+035.543700,-096.889430,10433,$
+035.544040,-096.888860,10437,$
+035.544390,-096.888270,10443,$
+035.544760,-096.887670,10447,$
+035.545130,-096.887090,10451,$
+035.545480,-096.886530,10456,$
+035.545810,-096.885960,10461,$
+035.546150,-096.885380,10465,$
+035.546510,-096.884770,10470,$
+035.546880,-096.884160,10475,$
+035.547230,-096.883580,10480,$
+035.547590,-096.882990,10485,$
+035.554630,-096.871180,10568,$
+035.379917,-096.907845,00325,L
+035.555320,-096.870000,10577,$
+035.556050,-096.868830,10585,$
+035.556390,-096.868260,10589,$
+035.557800,-096.865840,10605,$
+035.558130,-096.865250,10609,$
+035.558460,-096.864660,10613,$
+035.558800,-096.864070,10618,$
+035.559150,-096.863470,10622,$
+035.559510,-096.862870,10627,$
+035.559850,-096.862270,10631,$
+035.560200,-096.861680,10636,$
+035.560550,-096.861080,10640,$
+035.560900,-096.860460,10644,$
+035.561220,-096.859860,10649,$
+035.561530,-096.859260,10653,$
+035.561850,-096.858670,10657,$
+035.562200,-096.858080,10661,$
+035.562570,-096.857470,10666,$
+035.562940,-096.856860,10670,$
+035.563290,-096.856270,10675,$
+035.563610,-096.855700,10678,$
+035.563930,-096.855110,10682,$
+035.564250,-096.854490,10686,$
+035.564600,-096.853870,10690,$
+035.564950,-096.853240,10694,$
+035.565620,-096.852070,10702,$
+035.565950,-096.851480,10706,$
+035.566290,-096.850870,10710,$
+035.566640,-096.850270,10714,$
+035.566980,-096.849690,10719,$
+035.567670,-096.848510,10728,$
+035.568030,-096.847890,10732,$
+035.568380,-096.847240,10736,$
+035.568720,-096.846620,10741,$
+035.569710,-096.844860,10754,$
+035.570080,-096.844250,10758,$
+035.570450,-096.843610,10761,$
+035.570790,-096.842980,10766,$
+035.571110,-096.842350,10770,$
+035.571420,-096.841750,10774,$
+035.571760,-096.841140,10779,$
+035.572120,-096.840520,10783,$
+035.572490,-096.839900,10788,$
+035.572830,-096.839290,10792,$
+035.573170,-096.838670,10796,$
+035.573490,-096.838040,10801,$
+035.573830,-096.837400,10805,$
+035.574180,-096.836780,10810,$
+035.574860,-096.835570,10818,$
+035.575220,-096.834960,10824,$
+035.575590,-096.834330,10828,$
+035.379917,-096.907845,00325,L
+035.575950,-096.833690,10832,$
+035.576290,-096.833050,10836,$
+035.576620,-096.832430,10840,$
+035.576960,-096.831790,10845,$
+035.577310,-096.831150,10849,$
+035.577680,-096.830520,10853,$
+035.578050,-096.829930,10858,$
+035.578410,-096.829330,10862,$
+035.578750,-096.828710,10867,$
+035.579100,-096.828060,10871,$
+035.579460,-096.827390,10875,$
+035.579810,-096.826740,10880,$
+035.580160,-096.826130,10884,$
+035.580510,-096.825520,10888,$
+035.580860,-096.824870,10893,$
+035.588970,-096.810190,10997,$
+035.589670,-096.808890,11006,$
+035.590030,-096.808240,11010,$
+035.590740,-096.806960,11019,$
+035.591430,-096.805630,11027,$
+035.591790,-096.805000,11032,$
+035.592520,-096.803780,11043,$
+035.594520,-096.800450,11079,$
+035.594910,-096.799880,11085,$
+035.595280,-096.799320,11093,$
+035.597220,-096.796120,11129,$
+035.597660,-096.795520,11137,$
+035.379917,-096.907845,00325,L
+035.598050,-096.794910,11144,$
+035.598750,-096.793620,11153,$
+035.599130,-096.792960,11159,$
+035.599540,-096.792300,11163,$
+035.599930,-096.791690,11169,$
+035.600320,-096.791100,11173,$
+035.601070,-096.789890,11183,$
+035.601470,-096.789280,11187,$
+035.601860,-096.788650,11192,$
+035.602230,-096.788020,11197,$
+035.602990,-096.786810,11206,$
+035.603390,-096.786230,11210,$
+035.603800,-096.785670,11214,$
+035.604200,-096.785100,11219,$
+035.604970,-096.783870,11228,$
+035.605360,-096.783210,11231,$
+035.605740,-096.782560,11236,$
+035.606120,-096.781940,11241,$
+035.606890,-096.780780,11250,$
+035.607300,-096.780200,11254,$
+035.607710,-096.779590,11258,$
+035.608100,-096.778940,11263,$
+035.608470,-096.778280,11268,$
+035.608860,-096.777650,11273,$
+035.609280,-096.777030,11277,$
+035.609690,-096.776430,11281,$
+035.610450,-096.775200,11289,$
+035.610840,-096.774570,11294,$
+035.611250,-096.773940,11299,$
+035.612050,-096.772660,11307,$
+035.612430,-096.772030,11312,$
+035.613240,-096.770800,11320,$
+035.614010,-096.769550,11329,$
+035.614390,-096.768910,11333,$
+035.614780,-096.768300,11338,$
+035.615990,-096.766430,11352,$
+035.616390,-096.765790,11357,$
+035.617510,-096.763930,11371,$
+035.619060,-096.761410,11390,$
+035.619430,-096.760770,11393,$
+035.619800,-096.760120,11397,$
+035.622420,-096.755660,11429,$
+035.379917,-096.907845,00325,L
+035.624670,-096.751820,11456,$
+035.625010,-096.751180,11460,$
+035.625730,-096.749890,11469,$
+035.644650,-096.714410,11715,$
+035.379917,-096.907845,00325,L
+035.644980,-096.713740,11720,$
+035.645310,-096.713080,11725,$
+035.645640,-096.712430,11730,$
+035.645990,-096.711750,11735,$
+035.646340,-096.711060,11739,$
+035.646680,-096.710370,11745,$
+035.646990,-096.709690,11750,$
+035.647320,-096.709010,11756,$
+035.647660,-096.708330,11761,$
+035.647990,-096.707660,11766,$
+035.648320,-096.707000,11771,$
+035.648640,-096.706340,11776,$
+035.648960,-096.705660,11781,$
+035.649310,-096.704950,11786,$
+035.649650,-096.704250,11791,$
+035.649990,-096.703580,11796,$
+035.650310,-096.702920,11801,$
+035.650630,-096.702260,11807,$
+035.650960,-096.701580,11813,$
+035.651290,-096.700900,11818,$
+035.651600,-096.700220,11823,$
+035.651930,-096.699520,11829,$
+035.652270,-096.698830,11834,$
+035.652610,-096.698160,11840,$
+035.652930,-096.697510,11846,$
+035.653870,-096.695500,11862,$
+035.673180,-096.654480,12197,$
+035.379917,-096.907845,00325,L
+035.673790,-096.653240,12207,$
+035.674100,-096.652610,12212,$
+035.674420,-096.651950,12217,$
+035.674720,-096.651290,12222,$
+035.675010,-096.650640,12227,$
+035.675300,-096.650000,12232,$
+035.675600,-096.649370,12238,$
+035.675910,-096.648730,12243,$
+035.676530,-096.647480,12254,$
+035.676830,-096.646830,12259,$
+035.677130,-096.646160,12264,$
+035.677720,-096.644900,12275,$
+035.678010,-096.644270,12280,$
+035.678310,-096.643630,12285,$
+035.678620,-096.643000,12290,$
+035.679240,-096.641750,12300,$
+035.679550,-096.641110,12305,$
+035.679850,-096.640460,12310,$
+035.680150,-096.639810,12316,$
+035.680740,-096.638570,12326,$
+035.681050,-096.637930,12331,$
+035.681360,-096.637280,12335,$
+035.681660,-096.636630,12340,$
+035.681940,-096.636010,12345,$
+035.682510,-096.634750,12354,$
+035.682820,-096.634100,12359,$
+035.683130,-096.633450,12364,$
+035.683440,-096.632820,12368,$
+035.683760,-096.632220,12372,$
+035.684360,-096.631000,12382,$
+035.684650,-096.630350,12386,$
+035.684960,-096.629680,12391,$
+035.685280,-096.629050,12396,$
+035.685620,-096.628450,12401,$
+035.685960,-096.627870,12406,$
+035.686260,-096.627260,12413,$
+035.686550,-096.626630,12418,$
+035.686860,-096.625980,12424,$
+035.687200,-096.625350,12430,$
+035.687550,-096.624740,12436,$
+035.687870,-096.624160,12442,$
+035.688180,-096.623570,12448,$
+035.688480,-096.622950,12453,$
+035.688830,-096.622310,12458,$
+035.689200,-096.621700,12463,$
+035.689570,-096.621100,12467,$
+035.689920,-096.620510,12472,$
+035.690240,-096.619900,12476,$
+035.690560,-096.619290,12479,$
+035.690890,-096.618680,12484,$
+035.691240,-096.618090,12489,$
+035.691600,-096.617500,12494,$
+035.691960,-096.616890,12499,$
+035.692290,-096.616280,12504,$
+035.379917,-096.907845,00325,L
+035.692630,-096.615680,12509,$
+035.692990,-096.615090,12513,$
+035.693360,-096.614520,12518,$
+035.693720,-096.613920,12522,$
+035.694080,-096.613310,12526,$
+035.694430,-096.612710,12531,$
+035.694770,-096.612130,12535,$
+035.695120,-096.611560,12539,$
+035.695460,-096.610980,12544,$
+035.695800,-096.610390,12548,$
+035.696150,-096.609800,12553,$
+035.696510,-096.609220,12557,$
+035.696870,-096.608640,12562,$
+035.697220,-096.608050,12567,$
+035.697560,-096.607450,12572,$
+035.697900,-096.606890,12577,$
+035.698260,-096.606330,12582,$
+035.698620,-096.605760,12588,$
+035.698980,-096.605160,12595,$
+035.699340,-096.604580,12602,$
+035.699700,-096.604040,12609,$
+035.700050,-096.603530,12613,$
+035.700710,-096.602490,12622,$
+035.701050,-096.601920,12626,$
+035.701400,-096.601350,12631,$
+035.701790,-096.600800,12636,$
+035.702170,-096.600270,12641,$
+035.702530,-096.599720,12647,$
+035.702870,-096.599170,12653,$
+035.703190,-096.598630,12660,$
+035.703530,-096.598100,12666,$
+035.703870,-096.597580,12672,$
+035.704200,-096.597020,12677,$
+035.704530,-096.596450,12683,$
+035.704880,-096.595890,12688,$
+035.705270,-096.595360,12693,$
+035.706030,-096.594350,12704,$
+035.706370,-096.593830,12710,$
+035.706680,-096.593260,12715,$
+035.706990,-096.592690,12723,$
+035.707340,-096.592160,12732,$
+035.708680,-096.590190,12749,$
+035.708980,-096.589590,12754,$
+035.709300,-096.589000,12761,$
+035.709650,-096.588450,12768,$
+035.710740,-096.586990,12780,$
+035.711050,-096.586440,12784,$
+035.711350,-096.585860,12788,$
+035.711670,-096.585280,12792,$
+035.712020,-096.584730,12796,$
+035.712360,-096.584210,12800,$
+035.712700,-096.583690,12804,$
+035.713020,-096.583170,12807,$
+035.713340,-096.582630,12811,$
+035.379917,-096.907845,00325,L
+035.714670,-096.580440,12828,$
+035.714980,-096.579870,12832,$
+035.715320,-096.579310,12837,$
+035.715660,-096.578770,12841,$
+035.716950,-096.576590,12858,$
+035.717290,-096.576040,12861,$
+035.718280,-096.574360,12875,$
+035.719570,-096.572190,12892,$
+035.723090,-096.565990,12949,$
+035.723390,-096.565390,12957,$
+035.724860,-096.562510,12992,$
+035.725130,-096.561900,12999,$
+035.727760,-096.556500,13042,$
+035.728080,-096.555890,13046,$
+035.729200,-096.553480,13062,$
+035.729470,-096.552860,13066,$
+035.729740,-096.552250,13071,$
+035.730300,-096.551080,13078,$
+035.730580,-096.550470,13082,$
+035.730850,-096.549850,13086,$
+035.731110,-096.549240,13091,$
+035.731860,-096.547460,13103,$
+035.379917,-096.907845,00325,L
+035.732150,-096.546840,13107,$
+035.732440,-096.546210,13112,$
+035.732710,-096.545610,13116,$
+035.732960,-096.545030,13119,$
+035.733480,-096.543850,13128,$
+035.733750,-096.543240,13131,$
+035.733990,-096.542610,13135,$
+035.734450,-096.541390,13143,$
+035.734710,-096.540780,13148,$
+035.734990,-096.540150,13152,$
+035.736220,-096.537130,13173,$
+035.736480,-096.536530,13177,$
+035.736990,-096.535330,13185,$
+035.737240,-096.534720,13190,$
+035.742610,-096.521350,13298,$
+035.742840,-096.520810,13305,$
+035.743290,-096.519770,13316,$
+035.743530,-096.519210,13323,$
+035.744020,-096.518100,13333,$
+035.744260,-096.517590,13339,$
+035.744700,-096.516580,13349,$
+035.744920,-096.516020,13354,$
+035.745170,-096.515450,13359,$
+035.746150,-096.513350,13381,$
+035.746380,-096.512800,13388,$
+035.746620,-096.512260,13395,$
+035.379917,-096.907845,00325,L
+035.747150,-096.511280,13405,$
+035.747560,-096.510320,13416,$
+035.747760,-096.509790,13423,$
+035.748220,-096.508760,13439,$
+035.748480,-096.508280,13444,$
+035.750240,-096.504880,13477,$
+035.751550,-096.502400,13498,$
+035.752060,-096.501440,13508,$
+035.793090,-096.423920,14328,$
+035.379917,-096.907845,00325,L
+035.793930,-096.421780,14359,$
+035.794310,-096.420820,14371,$
+035.794470,-096.420400,14378,$
+035.794760,-096.419670,14386,$
+035.794930,-096.419290,14390,$
+035.795110,-096.418890,14395,$
+035.795620,-096.417590,14410,$
+035.795800,-096.417140,14415,$
+035.796140,-096.416370,14423,$
+035.796490,-096.415620,14433,$
+035.796680,-096.415180,14437,$
+035.796880,-096.414750,14442,$
+035.797050,-096.414330,14447,$
+035.797510,-096.413180,14461,$
+035.797700,-096.412770,14466,$
+035.798410,-096.411110,14487,$
+035.820420,-096.355000,15098,$
+035.379917,-096.907845,00325,L
+035.820560,-096.354570,15103,$
+035.820700,-096.354130,15108,$
+035.820930,-096.353290,15117,$
+035.821390,-096.351520,15136,$
+035.821820,-096.350330,15150,$
+035.821940,-096.349880,15155,$
+035.822170,-096.348990,15165,$
+035.822290,-096.348590,15169,$
+035.822410,-096.348200,15174,$
+035.822520,-096.347790,15178,$
+035.822620,-096.347370,15182,$
+035.822730,-096.346960,15187,$
+035.823090,-096.345790,15201,$
+035.823700,-096.343800,15224,$
+035.823820,-096.343390,15229,$
+035.824090,-096.342550,15238,$
+035.824230,-096.342180,15243,$
+035.824920,-096.339830,15274,$
+035.825170,-096.339130,15284,$
+035.825520,-096.337940,15298,$
+035.826110,-096.336110,15319,$
+035.834370,-096.302150,15710,$
+035.379917,-096.907845,00325,L
+035.835170,-096.298240,15765,$
+035.835640,-096.296120,15793,$
+035.836040,-096.294390,15818,$
+035.836830,-096.290740,15870,$
+035.836930,-096.290380,15874,$
+035.837020,-096.290060,15879,$
+035.837120,-096.289770,15884,$
+035.837460,-096.288140,15908,$
+035.837730,-096.287260,15920,$
+035.837800,-096.286940,15925,$
+035.952910,-095.965580,26376,$
+035.379917,-096.907845,00325,L
+035.952880,-095.965310,26378,$
+035.952820,-095.964820,26395,$
+035.952750,-095.964160,26425,$
+035.952640,-095.963670,26436,$
+035.952500,-095.962680,26474,$
+035.952410,-095.962430,26482,$
+035.952190,-095.961240,26526,$
+035.952010,-095.960620,26557,$
+035.951920,-095.960140,26567,$
+035.951780,-095.959300,26603,$
+035.951110,-095.955890,26739,$
+035.950840,-095.952850,26875,$
+035.379917,-096.907845,00325,L
+035.950960,-095.951810,26926,$
+035.951310,-095.949810,27026,$
+035.952490,-095.926250,27930,$
+035.379917,-096.907845,00325,L
+035.952140,-095.919360,28149,$
+035.952230,-095.918690,28162,$
+035.952220,-095.917760,28195,$
+035.952310,-095.916120,28238,$
+035.952330,-095.915180,28259,$
+035.952240,-095.914500,28283,$
+035.952290,-095.913820,28295,$
+035.952210,-095.913510,28303,$
+035.952090,-095.912590,28331,$
+035.379917,-096.907845,00325,L
+035.952040,-095.911930,28346,$
+035.951970,-095.911130,28375,$
+035.951800,-095.909740,28421,$
+035.951810,-095.909450,28425,$
+035.951660,-095.908950,28437,$
+035.951640,-095.908200,28470,$
+035.951580,-095.907890,28473,$
+035.951370,-095.907320,28494,$
+035.951490,-095.906570,28520,$
+035.951410,-095.906300,28524,$
+035.951300,-095.906110,28530,$
+035.951270,-095.905170,28561,$
+035.951190,-095.904830,28566,$
+035.950970,-095.904400,28584,$
+035.951030,-095.903520,28613,$
+035.950690,-095.902890,28632,$
+035.950730,-095.902160,28653,$
+035.950640,-095.901870,28657,$
+035.950490,-095.901620,28663,$
+035.950310,-095.900150,28710,$
+035.379917,-096.907845,00325,L
+035.950200,-095.898930,28748,$
+035.950140,-095.898620,28755,$
+035.950020,-095.898380,28761,$
+035.950020,-095.897050,28800,$
+035.949840,-095.895200,28851,$
+035.949680,-095.893700,28896,$
+035.949600,-095.893410,28902,$
+035.949520,-095.891830,28946,$
+035.949410,-095.891620,28953,$
+035.949650,-095.890340,28995,$
+035.949720,-095.888390,29046,$
+035.949710,-095.886280,29099,$
+035.949760,-095.884380,29147,$
+035.379917,-096.907845,00325,L
+035.951150,-095.856150,29831,$
+035.379917,-096.907845,00325,L
+035.951130,-095.853610,29878,$
+035.950940,-095.850670,29925,$
+035.950770,-095.846370,30006,$
+035.950590,-095.843650,30050,$
+035.950460,-095.843280,30053,$
+035.950190,-095.840940,30090,$
+035.950050,-095.839060,30125,$
+035.949950,-095.838620,30128,$
+035.949650,-095.836270,30167,$
+035.379917,-096.907845,00325,L
+035.949450,-095.834340,30203,$
+035.949230,-095.831530,30248,$
+035.948950,-095.828670,30294,$
+035.948860,-095.826320,30330,$
+035.948290,-095.816600,30496,$
+035.951100,-095.786090,31082,$
+035.379917,-096.907845,00325,L
+035.962920,-095.637760,32692,$
+035.379917,-096.907845,00325,L
+035.963040,-095.634950,32460,$
+035.962990,-095.633030,32276,$
+035.962640,-095.626120,31741,$
+035.962970,-095.622930,31501,$
+035.963050,-095.622520,31471,$
+035.963130,-095.622120,31442,$
+035.963490,-095.620160,31274,$
+035.963720,-095.619000,31178,$
+035.963920,-095.617950,31082,$
+035.964000,-095.617600,31054,$
+035.964150,-095.616870,30999,$
+035.964210,-095.616510,30970,$
+035.964260,-095.616160,30943,$
+035.964560,-095.614450,30807,$
+035.964620,-095.614100,30781,$
+035.379917,-096.907845,00325,L
+035.964670,-095.613750,30751,$
+035.964710,-095.613410,30720,$
+035.964740,-095.613080,30689,$
+035.964770,-095.612750,30658,$
+035.964890,-095.611780,30556,$
+035.964890,-095.609700,30367,$
+035.964440,-095.578140,26183,$
+035.379917,-096.907845,00325,L
+035.965080,-095.574970,25707,$
+035.965770,-095.570840,24843,$
+035.965760,-095.570590,24788,$
+035.965700,-095.569980,24655,$
+035.379917,-096.907845,00325,L
+035.965690,-095.569860,24627,$
+035.965680,-095.569440,24516,$
+035.965690,-095.569340,24491,$
+035.965760,-095.568950,24394,$
+035.965870,-095.568580,24291,$
+035.966010,-095.568260,24192,$
+035.966100,-095.567800,24044,$
+035.966070,-095.567410,23940,$
+035.966010,-095.566560,23740,$
+035.966010,-095.566420,23720,$
+035.966010,-095.566280,23699,$
+035.966000,-095.566140,23678,$
+035.965980,-095.566000,23656,$
+035.965920,-095.565410,23567,$
+035.965930,-095.565230,23542,$
+035.965970,-095.564710,23470,$
+035.965990,-095.564540,23445,$
+035.966040,-095.564180,23392,$
+035.966070,-095.564000,23367,$
+035.966110,-095.563820,23344,$
+035.966150,-095.563640,23319,$
+035.966190,-095.563460,23296,$
+035.966330,-095.562710,23186,$
+035.966420,-095.562310,23115,$
+035.379917,-096.907845,00325,L
+035.966470,-095.562030,23071,$
+035.966500,-095.561870,23048,$
+035.966580,-095.561420,22969,$
+035.966620,-095.561270,22945,$
+035.966650,-095.561130,22922,$
+035.966680,-095.560980,22899,$
+035.966710,-095.560840,22875,$
+035.966730,-095.560700,22849,$
+035.966800,-095.560040,22725,$
+035.966850,-095.559480,22605,$
+035.966870,-095.559260,22560,$
+035.966900,-095.558940,22490,$
+035.966910,-095.558850,22468,$
+035.966920,-095.558660,22422,$
+035.966920,-095.558560,22396,$
+035.967440,-095.556940,22062,$
+035.967660,-095.556480,21948,$
+035.967770,-095.556190,21873,$
+035.967800,-095.556090,21848,$
+035.967870,-095.555900,21803,$
+035.967950,-095.555640,21729,$
+035.968010,-095.555050,21567,$
+035.379917,-096.907845,00325,L
+035.968000,-095.554860,21516,$
+035.968150,-095.553640,21178,$
+035.968200,-095.552740,20979,$
+035.968160,-095.551870,20813,$
+035.968170,-095.550570,20583,$
+035.968430,-095.549050,20322,$
+035.968780,-095.547760,20079,$
+035.379917,-096.907845,00325,L
+035.969120,-095.546900,19925,$
+035.969760,-095.545750,19751,$
+035.969890,-095.545590,19730,$
+035.970740,-095.544360,19550,$
+035.971040,-095.543820,19471,$
+035.971220,-095.543430,19418,$
+035.971310,-095.543240,19393,$
+035.971480,-095.542850,19343,$
+035.972000,-095.541770,19217,$
+035.972270,-095.541320,19164,$
+035.972400,-095.541110,19140,$
+035.972530,-095.540920,19117,$
+035.972900,-095.540330,19046,$
+035.973030,-095.540130,19021,$
+035.973300,-095.539740,18974,$
+035.973450,-095.539550,18952,$
+035.973910,-095.539000,18885,$
+035.974200,-095.538660,18834,$
+035.974480,-095.538310,18782,$
+035.974600,-095.538140,18757,$
+035.974720,-095.537980,18733,$
+035.974950,-095.537670,18684,$
+035.975250,-095.537240,18612,$
+035.975330,-095.537090,18588,$
+035.975510,-095.536800,18544,$
+035.379917,-096.907845,00325,L
+035.975990,-095.536040,18421,$
+035.976090,-095.535890,18397,$
+035.976190,-095.535730,18373,$
+035.976410,-095.535410,18325,$
+035.976690,-095.534920,18254,$
+035.977050,-095.534160,18160,$
+035.977130,-095.533950,18136,$
+035.977290,-095.533530,18092,$
+035.977380,-095.533330,18073,$
+035.977770,-095.532350,18008,$
+035.978070,-095.531560,17966,$
+035.978270,-095.530920,17938,$
+035.978520,-095.530090,17861,$
+035.978780,-095.529240,17762,$
+035.978910,-095.528790,17711,$
+035.978970,-095.528570,17685,$
+035.979030,-095.528340,17659,$
+035.979210,-095.527660,17577,$
+035.979350,-095.527150,17527,$
+035.979420,-095.526890,17503,$
+035.979500,-095.526620,17480,$
+035.979580,-095.526340,17456,$
+035.979660,-095.526060,17432,$
+035.979850,-095.525470,17383,$
+035.979950,-095.525180,17357,$
+035.980630,-095.523660,17237,$
+035.379917,-096.907845,00325,L
+035.981230,-095.522380,17143,$
+035.982230,-095.520260,16978,$
+035.984500,-095.516610,16703,$
+035.985030,-095.515840,16635,$
+035.985360,-095.515310,16590,$
+035.985520,-095.515050,16567,$
